1851 832 2323 830
1865 778 2327 782
1832 781 2308 776
1793 916 2287 909
1793 864 2254 853
1841 798 2332 794
1870 750 2369 752
1843 800 2310 799
1821 696 2297 703
1804 761 2294 749
1882 817 2320 815
1840 742 2319 737
1824 763 2306 759
1856 741 2306 736
1819 772 2246 778
1776 790 2265 785
1791 836 2253 835
1815 741 2354 743
1835 835 2285 839
1831 773 2306 767
1805 827 2311 824
1816 835 2284 836
1813 855 2311 853
1862 851 2359 851
1831 858 2298 856
1788 840 2282 835
1834 846 2301 852
1873 756 2369 753
1843 835 2350 829
1798 667 2306 657
1862 819 2310 820
1828 856 2305 860
1754 732 2270 739
1832 760 2278 763
1843 708 2296 716
1800 714 2253 709
1865 741 2322 737
1832 759 2278 761
1877 788 2324 784
1796 706 2352 716
1823 745 2282 743
1791 708 2268 701
1815 846 2267 842
1817 784 2297 780
1851 770 2324 761
1723 653 2266 644
1739 719 2218 725
1823 863 2309 864
1763 831 2325 825
1803 773 2190 765
